first_name,middle_name,last_name,badge_count,profile_url
Madis,,Kõosaar,14,/users/madis-koosaar/badges
Martin,,Sidorov,1,/users/martin-sidorov/badges
